Я использую WSL и из за этого swap не работает
 2  0      0 4387536 151440 1363480    0    0     0     0   71  495  0  0 100  0  0
 2  0      0 4381116 151440 1363480    0    0     0    88  246 1115  0  0 99  0  0
 0  0      0 4381676 151472 1363336    0    0     0   548  590 3512  0  1 99  0  0
 1  0      0 4369168 151472 1363336    0    0     0     0   87  533  0  0 100  0  0
 0  0      0 4356912 151472 1363336    0    0     0     0   58  288  0  0 100  0  0
 0  0      0 4344908 151472 1363340    0    0     0     0   87  530  0  0 100  0  0
 0  0      0 4332896 151472 1363340    0    0     0    24   74  325  0  0 100  0  0
 0  0      0 4320648 151480 1363340    0    0     0   124   65  312  0  0 100  0  0
 0  0      0 4308392 151480 1363340    0    0     0     0   62  299  0  0 100  0  0
 0  0      0 4296388 151480 1363340    0    0     0     0   59  314  0  0 100  0  0
 0  0      0 4284132 151480 1363340    0    0     0     0   76  457  0  0 100  0  0
 0  0      0 4271876 151480 1363340    0    0     0     0   52  404  0  0 100  0  0
 0  0      0 4259368 151480 1363340    0    0     0    88   36  210  0  0 100  0  0
 0  0      0 4246860 151488 1363340    0    0     0    32  191  815  0  0 99  0  0
 2  0      0 4234604 151488 1363340    0    0     0     0   96  412  0  0 100  0  0